10;3.456;0;69.77;0;21.3055657917696
3.456;3.456;69.77;69.77;21.3055657917696;21.3055657917696
10;2.452;0;1.0;0;15.116101655503199
2.452;2.452;1.0;1.0;15.116101655503199;15.116101655503199
10;2.584;0;1.0;0;15.9298559044944
2.584;2.584;1.0;1.0;15.9298559044944;15.9298559044944
2.584;2.596;1.0;1.0;15.9298559044944;16.0038335634936
2.596;5.316;1.0;1.01;16.0038335634936;32.772102936645595
5.316;5.304;1.01;3.96;32.772102936645595;32.6981252776464
5.304;5.308;3.96;7.5;32.6981252776464;32.722784497312794
5.308;5.316;7.5;11.03;32.722784497312794;32.772102936645595
5.316;0.792;11.03;14.57;32.772102936645595;4.8825254939472
0.792;1.344;14.57;16.34;4.8825254939472;8.2854978079104
1.344;1.568;16.34;19.87;8.2854978079104;9.6664141092288
1.568;1.82;19.87;23.41;9.6664141092288;11.219944948212
1.82;2.072;23.41;26.95;11.219944948212;12.7734757871952
2.072;2.3000000000000003;26.95;30.49;12.7734757871952;14.17905130818
2.3000000000000003;2.5;30.49;34.03;14.17905130818;15.412012291499998
2.5;2.672;34.03;37.56;15.412012291499998;16.4723587371552
2.672;2.832;37.56;41.1;16.4723587371552;17.4587275238112
2.832;2.96;41.1;44.64;17.4587275238112;18.247822553136
2.96;3.084;44.64;48.17;18.247822553136;19.012258362794398
3.084;3.196;48.17;51.71;19.012258362794398;19.7027165134536
3.196;3.2920000000000003;51.71;55.25;19.7027165134536;20.2945377854472
3.2920000000000003;3.38;55.25;58.78;20.2945377854472;20.837040618108
3.38;3.448;58.78;62.32;20.837040618108;21.256247352436798
3.448;3.532;62.32;65.86;21.256247352436798;21.7740909654312
3.532;3.592;65.86;69.4;21.7740909654312;22.143979260427198
3.592;3.644;69.4;72.94;22.143979260427198;22.4645491160904
3.644;3.692;72.94;76.47;22.4645491160904;22.7604597520872
3.692;3.724;76.47;78.24;22.7604597520872;22.9577335094184
3.724;3.7600000000000002;78.24;81.78;22.9577335094184;23.179666486416
3.7600000000000002;3.7880000000000003;81.78;85.31;23.179666486416;23.3522810240808
3.7880000000000003;3.8240000000000003;85.31;88.85;23.3522810240808;23.5742140010784
3.8240000000000003;3.852;88.85;92.38;23.5742140010784;23.7468285387432
3.852;3.872;92.38;95.92;23.7468285387432;23.870124637075197
3.872;3.896;95.92;99.46;23.870124637075197;24.0180799550736
3.896;3.92;99.46;102.99;24.0180799550736;24.166035273071998
3.92;3.936;102.99;106.53;24.166035273071998;24.2646721517376
3.936;3.952;106.53;110.07;24.2646721517376;24.363309030403197
3.952;3.972;110.07;113.61;24.363309030403197;24.4866051287352
3.972;3.992;113.61;117.15;24.4866051287352;24.609901227067198
3.992;3.996;117.15;120.69;24.609901227067198;24.634560446733598
3.996;4.024;120.69;124.22;24.634560446733598;24.807174984398397
4.024;4.0280000000000005;124.22;127.75;24.807174984398397;24.8318342040648
4.0280000000000005;4.04;127.75;131.29;24.8318342040648;24.905811863064
4.04;4.04;131.29;134.83;24.905811863064;24.905811863064
4.04;4.0680000000000005;134.83;138.36;24.905811863064;25.0784264007288
4.0680000000000005;4.064;138.36;141.9;25.0784264007288;25.053767181062398
4.064;4.08;141.9;145.43;25.053767181062398;25.152404059728
4.08;4.088;145.43;148.97;25.152404059728;25.2017224990608
4.088;4.1;148.97;152.51;25.2017224990608;25.275700158059998
4.1;4.1;152.51;156.04;25.275700158059998;25.275700158059998
4.1;4.12;156.04;159.58;25.275700158059998;25.398996256392
4.12;4.124;159.58;163.12;25.398996256392;25.423655476058396
4.124;4.136;163.12;166.66;25.423655476058396;25.497633135057598
4.136;4.14;166.66;170.19;25.497633135057598;25.522292354723998
4.14;4.148;170.19;173.73;25.522292354723998;25.571610794056795
4.148;4.152;173.73;177.27;25.571610794056795;25.5962700137232
4.152;4.16;177.27;180.8;25.5962700137232;25.645588453056
4.16;4.164;180.8;184.34;25.645588453056;25.670247672722397
4.164;4.168;184.34;187.88;25.670247672722397;25.6949068923888
4.168;4.172;187.88;191.42;25.6949068923888;25.719566112055197
4.172;4.18;191.42;194.95;25.719566112055197;25.768884551388
4.18;4.188;194.95;198.49;25.768884551388;25.818202990720795
4.188;4.184;198.49;202.03;25.818202990720795;25.7935437710544
4.184;4.176;202.03;205.57;25.7935437710544;25.744225331721598
4.176;4.176;205.57;209.1;25.744225331721598;25.744225331721598
4.176;4.184;209.1;212.64;25.744225331721598;25.7935437710544
4.184;4.184;212.64;216.18;25.7935437710544;25.7935437710544
4.184;4.18;216.18;219.71;25.7935437710544;25.768884551388
4.18;4.176;219.71;223.25;25.768884551388;25.744225331721598
4.176;4.176;223.25;226.79;25.744225331721598;25.744225331721598
4.176;4.164;226.79;230.32;25.744225331721598;25.670247672722397
4.164;4.168;230.32;233.86;25.670247672722397;25.6949068923888
4.168;4.152;233.86;237.4;25.6949068923888;25.5962700137232
4.152;4.156;237.4;240.94;25.5962700137232;25.620929233389596
4.156;4.152;240.94;244.47;25.620929233389596;25.5962700137232
4.152;4.136;244.47;248.01;25.5962700137232;25.497633135057598
4.136;4.124;248.01;251.55;25.497633135057598;25.423655476058396
4.124;4.116;251.55;255.09;25.423655476058396;25.374337036725596
4.116;4.104;255.09;258.62;25.374337036725596;25.300359377726398
4.104;4.088;258.62;262.16;25.300359377726398;25.2017224990608
4.088;4.0760000000000005;262.16;265.7;25.2017224990608;25.127744840061602
4.0760000000000005;4.0520000000000005;265.7;269.23;25.127744840061602;24.9797895220632
4.0520000000000005;4.0360000000000005;269.23;272.77;24.9797895220632;24.881152643397602
4.0360000000000005;3.996;272.77;276.3;24.881152643397602;24.634560446733598
3.996;3.948;276.3;279.84;24.634560446733598;24.338649810736797
3.948;3.9;279.84;283.37;24.338649810736797;24.04273917474
3.9;3.84;283.37;286.91;24.04273917474;23.672850879743997
3.84;3.7960000000000003;286.91;286.91;23.672850879743997;23.4015994634136
3.7960000000000003;3.684;286.91;293.98;23.4015994634136;22.7111413127544
3.684;3.592;293.98;297.51;22.7111413127544;22.143979260427198
3.592;3.476;297.51;301.05;22.143979260427198;21.428861890101597
3.476;3.348;301.05;304.59;21.428861890101597;20.6397668607768
3.348;3.188;304.59;308.13;20.6397668607768;19.6533980741208
3.188;3.02;308.13;311.67;19.6533980741208;18.617710848132
3.02;2.8120000000000003;311.67;315.21;18.617710848132;17.3354314254792
2.8120000000000003;2.588;315.21;318.74;17.3354314254792;15.9545151241608
2.588;2.32;318.74;322.28;15.9545151241608;14.302347406511998
2.32;2.02;322.28;325.82;14.302347406511998;12.452905931532
2.02;1.6440000000000001;325.82;329.35;12.452905931532;10.1349392828904
1.6440000000000001;1.1360000000000001;329.35;332.89;10.1349392828904;7.0032183852576
1.1360000000000001;5.32;332.89;336.42;7.0032183852576;32.796762156312
5.32;5.316;336.42;336.42;32.796762156312;32.772102936645595
5.316;5.312;336.42;334.38;32.772102936645595;32.7474437169792
5.312;2.2600000000000002;334.38;322.94;32.7474437169792;13.932459111516001
2.2600000000000002;3.3040000000000003;322.94;305.29;13.932459111516001;20.368515444446402
3.3040000000000003;3.856;305.29;285.93;20.368515444446402;23.7714877584096
3.856;4.072;285.93;266.55;23.7714877584096;25.1030856203952
4.072;4.144;266.55;247.18;25.1030856203952;25.5469515743904
4.144;4.168;247.18;227.8;25.5469515743904;25.6949068923888
4.168;4.172;227.8;208.43;25.6949068923888;25.719566112055197
4.172;4.168;208.43;189.05;25.719566112055197;25.6949068923888
4.168;4.136;189.05;169.68;25.6949068923888;25.497633135057598
4.136;4.0920000000000005;169.68;150.3;25.497633135057598;25.2263817187272
4.0920000000000005;4.032;150.3;130.94;25.2263817187272;24.856493423731198
4.032;3.96;130.94;111.57;24.856493423731198;24.412627469735998
3.96;3.848;111.57;92.19;24.412627469735998;23.722169319076798
3.848;3.644;92.19;72.83;23.722169319076798;22.4645491160904
3.644;3.236;72.83;53.45;22.4645491160904;19.9493087101176
3.236;2.516;53.45;34.08;19.9493087101176;15.5106491701656
2.516;1.208;34.08;16.58;15.5106491701656;7.4470843392527994
1.208;5.312;16.58;5.35;7.4470843392527994;32.7474437169792
5.312;5.308;5.35;1.02;32.7474437169792;32.722784497312794
5.308;5.312;1.02;1.0;32.722784497312794;32.7474437169792
5.312;5.316;1.0;1.0;32.7474437169792;32.772102936645595
5.316;5.308;1.0;1.0;32.772102936645595;32.722784497312794
5.308;5.312;1.0;1.0;32.722784497312794;32.7474437169792
5.312;5.308;1.0;1.0;32.7474437169792;32.722784497312794
5.308;5.312;1.0;1.0;32.722784497312794;32.7474437169792
5.312;5.312;1.0;1.0;32.7474437169792;32.7474437169792
5.312;5.312;1.0;1.0;32.7474437169792;32.7474437169792
5.312;5.312;1.0;1.0;32.7474437169792;32.7474437169792
5.312;5.308;1.0;1.0;32.7474437169792;32.722784497312794
5.308;5.312;1.0;1.0;32.722784497312794;32.7474437169792
5.312;5.312;1.0;1.0;32.7474437169792;32.7474437169792
5.312;5.312;1.0;1.0;32.7474437169792;32.7474437169792
5.312;5.308;1.0;1.0;32.7474437169792;32.722784497312794
5.308;5.308;1.0;1.0;32.722784497312794;32.722784497312794
5.308;5.312;1.0;1.0;32.722784497312794;32.7474437169792
5.312;5.312;1.0;1.0;32.7474437169792;32.7474437169792
5.312;5.308;1.0;1.0;32.7474437169792;32.722784497312794
5.308;5.312;1.0;1.0;32.722784497312794;32.7474437169792
5.312;5.304;1.0;1.0;32.7474437169792;32.6981252776464
5.304;5.312;1.0;1.0;32.6981252776464;32.7474437169792
5.312;5.312;1.0;1.0;32.7474437169792;32.7474437169792
5.312;5.308;1.0;1.0;32.7474437169792;32.722784497312794
5.308;5.312;1.0;1.0;32.722784497312794;32.7474437169792
5.312;5.308;1.0;1.0;32.7474437169792;32.722784497312794
5.308;5.308;1.0;1.0;32.722784497312794;32.722784497312794
5.308;5.312;1.0;1.0;32.722784497312794;32.7474437169792
5.312;5.312;1.0;1.0;32.7474437169792;32.7474437169792
5.312;5.312;1.0;1.0;32.7474437169792;32.7474437169792
5.312;5.312;1.0;1.0;32.7474437169792;32.7474437169792
5.312;5.312;1.0;1.0;32.7474437169792;32.7474437169792
5.312;5.316;1.0;1.0;32.7474437169792;32.772102936645595
5.316;5.312;1.0;1.0;32.772102936645595;32.7474437169792
5.312;5.316;1.0;1.0;32.7474437169792;32.772102936645595
5.316;5.308;1.0;1.0;32.772102936645595;32.722784497312794
5.308;5.312;1.0;1.0;32.722784497312794;32.7474437169792
5.312;5.312;1.0;1.0;32.7474437169792;32.7474437169792
5.312;5.312;1.0;1.0;32.7474437169792;32.7474437169792
5.312;5.312;1.0;1.0;32.7474437169792;32.7474437169792
5.312;5.308;1.0;1.0;32.7474437169792;32.722784497312794
5.308;5.308;1.0;1.0;32.722784497312794;32.722784497312794
5.308;5.308;1.0;1.0;32.722784497312794;32.722784497312794
5.308;5.316;1.0;1.0;32.722784497312794;32.772102936645595
5.316;5.316;1.0;1.0;32.772102936645595;32.772102936645595
5.316;5.308;1.0;1.0;32.772102936645595;32.722784497312794
5.308;5.312;1.0;1.0;32.722784497312794;32.7474437169792
5.312;5.312;1.0;1.0;32.7474437169792;32.7474437169792
5.312;5.312;1.0;1.0;32.7474437169792;32.7474437169792
5.312;5.312;1.0;1.0;32.7474437169792;32.7474437169792
5.312;5.316;1.0;1.0;32.7474437169792;32.772102936645595
5.316;5.308;1.0;1.0;32.772102936645595;32.722784497312794
5.308;5.316;1.0;1.0;32.722784497312794;32.772102936645595
5.316;5.316;1.0;1.0;32.772102936645595;32.772102936645595
5.316;5.312;1.0;1.0;32.772102936645595;32.7474437169792
5.312;5.316;1.0;1.0;32.7474437169792;32.772102936645595
5.316;5.316;1.0;1.0;32.772102936645595;32.772102936645595
5.316;5.32;1.0;1.0;32.772102936645595;32.796762156312
5.32;5.312;1.0;1.0;32.796762156312;32.7474437169792
5.312;5.316;1.0;1.0;32.7474437169792;32.772102936645595
5.316;5.316;1.0;1.0;32.772102936645595;32.772102936645595
5.316;5.32;1.0;1.0;32.772102936645595;32.796762156312
5.32;5.312;1.0;1.0;32.796762156312;32.7474437169792
5.312;5.308;1.0;1.0;32.7474437169792;32.722784497312794
5.308;5.316;1.0;1.0;32.722784497312794;32.772102936645595
5.316;5.312;1.0;1.0;32.772102936645595;32.7474437169792
5.312;5.316;1.0;1.0;32.7474437169792;32.772102936645595
5.316;5.312;1.0;1.0;32.772102936645595;32.7474437169792
5.312;5.32;1.0;1.0;32.7474437169792;32.796762156312
5.32;5.316;1.0;1.0;32.796762156312;32.772102936645595
5.316;5.316;1.0;1.0;32.772102936645595;32.772102936645595
5.316;5.316;1.0;1.0;32.772102936645595;32.772102936645595
5.316;5.316;1.0;1.0;32.772102936645595;32.772102936645595
5.316;5.316;1.0;1.0;32.772102936645595;32.772102936645595
5.316;5.312;1.0;1.0;32.772102936645595;32.7474437169792
5.312;5.316;1.0;1.0;32.7474437169792;32.772102936645595
5.316;5.316;1.0;1.0;32.772102936645595;32.772102936645595
5.316;5.316;1.0;1.0;32.772102936645595;32.772102936645595
5.316;5.316;1.0;1.0;32.772102936645595;32.772102936645595
5.316;5.316;1.0;1.0;32.772102936645595;32.772102936645595
5.316;5.312;1.0;1.0;32.772102936645595;32.7474437169792
5.312;5.316;1.0;1.0;32.7474437169792;32.772102936645595
5.316;5.312;1.0;1.0;32.772102936645595;32.7474437169792
5.312;5.316;1.0;1.0;32.7474437169792;32.772102936645595
5.316;5.312;1.0;1.0;32.772102936645595;32.7474437169792
5.312;5.316;1.0;1.0;32.7474437169792;32.772102936645595
5.316;5.312;1.0;1.0;32.772102936645595;32.7474437169792
5.312;5.312;1.0;1.0;32.7474437169792;32.7474437169792
5.312;5.316;1.0;1.0;32.7474437169792;32.772102936645595
5.316;5.316;1.0;1.0;32.772102936645595;32.772102936645595
5.316;5.316;1.0;1.0;32.772102936645595;32.772102936645595
5.316;5.312;1.0;1.0;32.772102936645595;32.7474437169792
5.312;5.316;1.0;1.0;32.7474437169792;32.772102936645595
5.316;5.312;1.0;1.0;32.772102936645595;32.7474437169792
5.312;5.312;1.0;1.0;32.7474437169792;32.7474437169792
5.312;5.316;1.0;1.0;32.7474437169792;32.772102936645595
5.316;5.316;1.0;1.0;32.772102936645595;32.772102936645595
5.316;5.308;1.0;1.0;32.772102936645595;32.722784497312794
5.308;5.32;1.0;1.0;32.722784497312794;32.796762156312
5.32;5.312;1.0;1.0;32.796762156312;32.7474437169792
5.312;5.308;1.0;1.0;32.7474437169792;32.722784497312794
5.308;5.316;1.0;1.0;32.722784497312794;32.772102936645595
5.316;5.32;1.0;1.0;32.772102936645595;32.796762156312
5.32;5.316;1.0;1.0;32.796762156312;32.772102936645595
5.316;5.316;1.0;1.0;32.772102936645595;32.772102936645595
5.316;5.312;1.0;1.0;32.772102936645595;32.7474437169792
5.312;5.308;1.0;1.0;32.7474437169792;32.722784497312794
5.308;5.316;1.0;1.0;32.722784497312794;32.772102936645595
5.316;5.308;1.0;1.0;32.772102936645595;32.722784497312794
5.308;2.596;1.0;1.0;32.722784497312794;16.0038335634936
2.596;2.58;1.0;1.0;16.0038335634936;15.905196684827999
2.58;2.58;1.0;1.0;15.905196684827999;15.905196684827999
2.58;2.58;1.0;5.48;15.905196684827999;15.905196684827999
2.58;2.58;5.48;16.83;15.905196684827999;15.905196684827999
2.58;2.576;16.83;23.57;15.905196684827999;15.8805374651616
2.576;2.576;23.57;23.96;15.8805374651616;15.8805374651616
2.576;2.58;23.96;23.96;15.8805374651616;15.905196684827999
2.58;2.584;23.96;23.96;15.905196684827999;15.9298559044944
2.584;2.584;23.96;24.83;15.9298559044944;15.9298559044944
2.584;2.58;24.83;32.64;15.9298559044944;15.905196684827999
2.58;2.58;32.64;45.97;15.905196684827999;15.905196684827999
2.58;2.576;45.97;59.55;15.905196684827999;15.8805374651616
2.576;2.572;59.55;73.13;15.8805374651616;15.8558782454952
2.572;2.568;73.13;86.7;15.8558782454952;15.8312190258288
2.568;0.512;86.7;100.28;15.8312190258288;3.1563801172992
0.512;3.62;100.28;113.94;3.1563801172992;22.316593798092
3.62;3.628;113.94;127.72;22.316593798092;22.365912237424798
3.628;3.62;127.72;141.51;22.365912237424798;22.316593798092
3.62;3.64;141.51;155.3;22.316593798092;22.439889896424
3.64;3.636;155.3;169.09;22.439889896424;22.4152306767576
3.636;3.616;169.09;182.88;22.4152306767576;22.2919345784256
3.616;3.648;182.88;196.67;22.2919345784256;22.4892083357568
3.648;3.652;196.67;210.46;22.4892083357568;22.5138675554232
3.652;3.656;210.46;224.26;22.5138675554232;22.5385267750896
3.656;3.66;224.26;238.05;22.5385267750896;22.563185994756
3.66;3.668;238.05;251.84;22.563185994756;22.612504434088798
3.668;2.556;251.84;265.63;22.612504434088798;15.7572413668296
2.556;2.56;265.63;279.42;15.7572413668296;15.781900586495999
2.56;2.552;279.42;293.07;15.781900586495999;15.7325821471632
2.552;2.548;293.07;306.69;15.7325821471632;15.7079229274968
2.548;2.548;306.69;320.31;15.7079229274968;15.7079229274968
2.548;2.552;320.31;333.92;15.7079229274968;15.7325821471632
2.552;2.548;333.92;347.53;15.7325821471632;15.7079229274968
2.548;2.552;347.53;361.15;15.7079229274968;15.7325821471632
2.552;2.556;361.15;374.77;15.7325821471632;15.7572413668296
2.556;2.56;374.77;388.38;15.7572413668296;15.781900586495999
2.56;2.56;388.38;401.11;15.781900586495999;15.781900586495999
2.56;2.556;401.11;401.11;15.781900586495999;15.7572413668296
2.556;2.568;401.11;401.11;15.7572413668296;15.8312190258288
2.568;2.56;401.11;405.84;15.8312190258288;15.781900586495999
2.56;2.56;405.84;417.95;15.781900586495999;15.781900586495999
2.56;2.564;417.95;424.44;15.781900586495999;15.806559806162399
2.564;2.56;424.44;420.09;15.806559806162399;15.781900586495999
2.56;2.556;420.09;405.92;15.781900586495999;15.7572413668296
2.556;2.552;405.92;391.62;15.7572413668296;15.7325821471632
2.552;2.552;391.62;377.33;15.7325821471632;15.7325821471632
2.552;2.552;377.33;363.04;15.7325821471632;15.7325821471632
2.552;2.556;363.04;348.74;15.7325821471632;15.7572413668296
2.556;2.56;348.74;334.45;15.7572413668296;15.781900586495999
2.56;2.552;334.45;320.15;15.781900586495999;15.7325821471632
2.552;2.552;320.15;305.86;15.7325821471632;15.7325821471632
2.552;2.548;305.86;291.57;15.7325821471632;15.7079229274968
2.548;2.552;291.57;277.27;15.7079229274968;15.7325821471632
2.552;2.552;277.27;262.98;15.7325821471632;15.7325821471632
2.552;3.664;262.98;248.68;15.7325821471632;22.587845214422398
3.664;3.66;248.68;234.38;22.587845214422398;22.563185994756
3.66;4.14;234.38;220.09;22.563185994756;25.522292354723998
4.14;3.7520000000000002;220.09;205.8;25.522292354723998;23.1303480470832
3.7520000000000002;3.644;205.8;191.51;23.1303480470832;22.4645491160904
3.644;3.632;191.51;177.23;22.4645491160904;22.3905714570912
3.632;3.728;177.23;162.93;22.3905714570912;22.9823927290848
3.728;3.624;162.93;148.63;22.9823927290848;22.3412530177584
3.624;3.624;148.63;134.34;22.3412530177584;22.3412530177584
3.624;3.62;134.34;120.05;22.3412530177584;22.316593798092
3.62;0.484;120.05;105.75;22.316593798092;2.9837655796343996
0.484;2.56;105.75;91.46;2.9837655796343996;15.781900586495999
2.56;2.568;91.46;77.16;15.781900586495999;15.8312190258288
2.568;2.568;77.16;62.87;15.8312190258288;15.8312190258288
2.568;2.576;62.87;48.57;15.8312190258288;15.8805374651616
2.576;2.58;48.57;34.28;15.8805374651616;15.905196684827999
2.58;2.584;34.28;19.98;15.905196684827999;15.9298559044944
2.584;2.584;19.98;5.81;15.9298559044944;15.9298559044944
2.584;2.584;5.81;1.0;15.9298559044944;15.9298559044944
2.584;2.584;1.0;1.0;15.9298559044944;15.9298559044944
2.584;2.584;1.0;1.0;15.9298559044944;15.9298559044944
2.584;2.584;1.0;1.0;15.9298559044944;15.9298559044944
2.584;2.584;1.0;1.0;15.9298559044944;15.9298559044944
2.584;2.584;1.0;1.0;15.9298559044944;15.9298559044944
2.584;2.584;1.0;1.0;15.9298559044944;15.9298559044944
2.584;2.588;1.0;1.0;15.9298559044944;15.9545151241608
2.588;2.584;1.0;1.0;15.9545151241608;15.9298559044944
2.584;2.584;1.0;1.0;15.9298559044944;15.9298559044944
2.584;2.584;1.0;1.0;15.9298559044944;15.9298559044944
2.584;2.588;1.0;1.0;15.9298559044944;15.9545151241608
2.588;2.584;1.0;1.0;15.9545151241608;15.9298559044944
2.584;2.584;1.0;1.0;15.9298559044944;15.9298559044944
2.584;2.58;1.0;1.0;15.9298559044944;15.905196684827999
2.58;2.584;1.0;1.0;15.905196684827999;15.9298559044944
2.584;2.584;1.0;1.0;15.9298559044944;15.9298559044944
2.584;2.584;1.0;1.0;15.9298559044944;15.9298559044944
2.584;2.588;1.0;1.0;15.9298559044944;15.9545151241608
2.588;2.584;1.0;1.0;15.9545151241608;15.9298559044944
2.584;2.58;1.0;1.0;15.9298559044944;15.905196684827999
2.58;2.584;1.0;1.0;15.905196684827999;15.9298559044944
2.584;2.584;1.0;1.0;15.9298559044944;15.9298559044944
2.584;2.576;1.0;1.0;15.9298559044944;15.8805374651616
2.576;2.576;1.0;1.0;15.8805374651616;15.8805374651616
